d=[0.01600 0.01612 0.01604 0.01576 0.01560 0.01592]