v=[8.213,7.402,6.876,5.491,5.196];
v=v.*10^14;
a=[1.280,0.964,0.714,0.170,0.050];
b=[1.290 0.970 0.714 0.174 0.050];