u0=[65.2 76.0 90.0 110 140 182 252 302 394 502 642 708 640 502 400 314 276 210 169 140 121 107 96.0];
u1=[139 162 199 231 285 360 476 544 656 714 776 800 776 706 640 564 502 402 340 285 251 225 203];

f=1.4:0.1:2.0;
f=[f,2.05:0.05:2.5];
f=[f,2.6:0.1:3.1];

I1=u0./100;
I2=u1./216;